POINT(1025745941 900809185)

postgis result
POINT (145.29271210432998 -37.893466327879594)

proj4 result
(145.29271210432998, -37.89346632787981)

SELECT ST_AsText(ST_Transform(ST_GeomFromText('POINT(1025745941 900809185)',900915),4326)) As wgs_geom;



srid:

PROJCS["SP Ausnet NMA Database Coordinate System",GEOGCS["Geocentric_Datum_of_Australia_1994",DATUM["Geocentric_Datum_of_Australia_1994",SPHEROID["Geodetic Reference System of 1980",6378137,298.257222100892],AUTHORITY["EPSG","6283"]],PRIMEM["Greenwich",0],UNIT["degree",0.0174532925199433,AUTHORITY["EPSG","9122"]]],PROJECTION["Lambert_Conformal_Conic_2SP"],PARAMETER["latitude_of_origin",-37],PARAMETER["central_meridian",145],PARAMETER["standard_parallel_1",-36],PARAMETER["standard_parallel_2",-38],PARAMETER["false_easting",1000000000],PARAMETER["false_northing",1000000000],UNIT["MILLIMETER",0.001]]

+proj=lcc +lat_0=-37 +lon_0=145 +lat_1=-36 +lat_2=-38 +x_0=1000000 +y_0=1000000 +ellps=GRS80 +units=mm +no_defs


# testing linestring
EO_REGULATING_EQPT_INST
LSAT_FUNCTIONAL_LOCATION_SDME_EO_REGULATING_EQPT_INST_GEOM

|LINESTRING(4959 3953,4959 3928)                      |LINESTRING (132.3354801217136 -45.37500521093484, 132.3354800798421 -45.37500543146126)|
|LINESTRING(4959 3953,4959 3928)                      |LINESTRING (132.3354801217136 -45.37500521093484, 132.3354800798421 -45.37500543146126)|
|LINESTRING(4959 3953,4959 3928)                      |LINESTRING (132.3354801217136 -45.37500521093484, 132.3354800798421 -45.37500543146126)|
|LINESTRING(992 1282,992 1257)                        |LINESTRING (132.3354259983893 -45.3750240891524, 132.3354259565175 -45.3750243096788)  |
|LINESTRING(2480 1282,2480 1257)                      |LINESTRING (132.3354446217444 -45.37502584565652, 132.3354445798727 -45.37502606618292)|
|LINESTRING(4959 3953,4959 3928)                      |LINESTRING (132.3354801217136 -45.37500521093484, 132.3354800798421 -45.37500543146126)|
|LINESTRING(4959 3953,4959 3928)                      |LINESTRING (132.3354801217136 -45.37500521093484, 132.3354800798421 -45.37500543146126)|
|LINESTRING(1006632602 930507877,1006632626 930507871)|LINESTRING (145.075141439259 -37.6262071870576, 145.075141711211 -37.62620724095109)   |
|LINESTRING(4959 3953,4959 3928)                      |LINESTRING (132.3354801217136 -45.37500521093484, 132.3354800798421 -45.37500543146126)|
|LINESTRING(4959 3953,4959 3928)                      |LINESTRING (132.3354801217136 -45.37500521093484, 132.3354800798421 -45.37500543146126)|
|LINESTRING(4959 3953,4959 3928)                      |LINESTRING (132.3354801217136 -45.37500521093484, 132.3354800798421 -45.37500543146126)|
|LINESTRING(4959 3953,4959 3928)                      |LINESTRING (132.3354801217136 -45.37500521093484, 132.3354800798421 -45.37500543146126)|
|LINESTRING(3965 3953,3965 3928)                      |LINESTRING (132.3354676811153 -45.37500403757468, 132.3354676392437 -45.37500425810111)|
|LINESTRING(991 788,991 763)                          |LINESTRING (132.335425158488 -45.37502844557351, 132.3354251166163 -45.3750286660999)  |
|LINESTRING(2974 788,2974 763)                        |LINESTRING (132.3354499771142 -45.3750307863981, 132.3354499352425 -45.37503100692448) |
|LINESTRING(1982 788,1982 763)                        |LINESTRING (132.335437561543 -45.37502961539615, 132.3354375196714 -45.37502983592255) |


CURVEPOLYGON(COMPOUNDCURVE((1031825867 884226252,1031825137 884370452,1031905475 884304421,1031902851 884358913,1031927969 884360137,1031942874 884380495,1031980976 884352305,1031967730 884334210,1031987263 884318053,1031985490 884315886,1031982422 884312141,1031973970 884307462,1031964394 884306259,1031955626 884308563,1031956740 884285443,1031930139 884284149,1032073123 884166622,1032081108 884158254,1032100925 884137480,1032100759 884136125,1032100730 884135064,1032100917 884134006,1032101171 884133303,1032101656 884132573,1032102323 884132049,1032103884 884131234,1032104868 884130680,1032105846 884130110,1032106564 884129647,1032107251 884129133,1032107867 884128605,1032108428 884128012,1032108839 884127484,1032109224 884126932,1032109564 884126384,1032109863 884125817,1032110083 884125245,1032110130 884124638,1032110018 884124274,1032109331 884123286,1032108487 884122409,1032105535 884119731,1032103339 884117727,1032101164 884115703,1032100184 884114600,1032099354 884113374,1032097946 884110751,1032096715 884108293,1032095528 884105815,1032094458 884103448,1032093383 884101086,1032092349 884099043,1032091245 884097035,1032089974 884094881,1032088533 884092839,1032086901 884090939,1032085194 884089100,1032083725 884087558,1032082225 884086047,1032081256 884085131,1032080207 884084316,1032079430 884083889,1032078287 884083403,1032077128 884082963,1032073502 884081596,1032068697 884079749,1032067151 884079244,1032065580 884078810,1032063491 884078227,1032061381 884077785,1032059958 884077699,1032058012 884077732,1032056060 884077765,1032055934 884077604,1032055748 884077574,1032055271 884077824,1032054925 884078154,1032054490 884078696,1032054095 884079411,1032053807 884080519,1032053711 884081626,1032053801 884082789,1032053876 884083946,1032053738 884084832,1032053344 884085683,1032052769 884086413,1032052122 884087012,1032050637 884087948,1032048428 884088957,1032046132 884089699,1032044283 884090075,1032042423 884090295,1032041126 884090350,1032039817 884090234,1032038952 884090025,1032038080 884089695,1032037274 884089263,1032035836 884088141,1032034968 884087224,1032033805 884085783,1032032899 884084254,1032032498 884083149,1032032232 884082108,1032031972 884081062,1032031680 884079875,1032031394 884078673,1032031135 884076743,1032031078 884074797,1032031103 884073644,1032031255 884072496,1032031513 884071645,1032031777 884070810,1032032346 884068426,1032032779 884066008,1032032975 884063394,1032032996 884060785,1032032896 884058358,1032032675 884055927,1032032442 884054093,1032031982 884052310,1032031440 884051174,1032030115 884049364,1032028656 884047717,1032026838 884045843,1032025070 884043908,1032024499 884043071,1032024012 884042193,1032023186 884040346,1032022190 884037776,1032021400 884035130,1032021000 884033013,1032020806 884030886,1032020783 884028939,1032020947 884026987,1032021375 884024478,1032022024 884022033,1032023148 884018712,1032023715 884017021,1032024272 884015331,1032024599 884014151,1032024871 884012957,1032025597 884009420,1032026177 884005864,1032026430 884003472,1032026566 884001110,1032026658 883998748,1032026695 883996514,1032026746 883994274,1032026940 883992276,1032027229 883990283,1032027597 883987900,1032028126 883985542,1032028744 883983952,1032029387 883982372,1032029759 883981152,1032030147 883979938,1032031634 883975523,1032033191 883971134,1032035113 883965939,1032037034 883960745,1032038079 883957813,1032038724 883956693,1032040071 883955217,1032040727 883954461,1032041252 883953620,1032041960 883951969,1032042426 883950243,1032042559 883949449,1032042795 883948017,1032043030 883946580,1032043140 883946347,1032043471 883946083,1032043822 883945834,1032046444 883943488,1032047722 883942366,1032049000 883941254,1032049756 883940387,1032050547 883939499,1032051460 883938868,1032052962 883938241,1032054509 883937800,1032055098 883937823,1032056024 883938123,1032056452 883938157,1032056823 883937968,1032057439 883937132,1032057933 883936230,1032058363 883935475,1032058732 883934725,1032058696 883934513,1032058363 883934211,1032058156 883933878,1032058302 883932624,1032058463 883931349,1032058420 883930646,1032058488 883929938,1032059037 883929041,1032059639 883928513,1032060718 883927983,1032061859 883927827,1032064908 883928134,1032067962 883928491,1032069919 883928575,1032071876 883928689,1032072636 883928939,1032073665 883929658,1032074184 883930010,1032074734 883930250,1032075413 883930328,1032076484 883930264,1032077515 883930325,1032078215 883930636,1032079204 883931320,1032079718 883931616,1032080262 883931796,1032081409 883931883,1032082560 883931777,1032083440 883931597,1032084293 883931255,1032085081 883930741,1032086093 883929827,1032086899 883928737,1032087932 883926736,1032088971 883924756,1032091225 883921172,1032093505 883917604,1032094125 883916515,1032094465 883916003,1032094901 883915572,1032097614 883913686,1032100379 883911890,1032101919 883910843,1032103459 883909790,1032104065 883909202,1032104445 883908558,1032104872 883907247,1032105362 883905142,1032105720 883904185,1032106271 883903374,1032107570 883902600,1032107836 883902291,1032108010 883901952,1032108069 883901486,1032107945 883900754,1032107611 883900072,1032107110 883899437,1032106570 883898863,1032106187 883898606,1032105869 883898309,1032105710 883897607,1032105917 883896454,1032106295 883895310,1032106513 883894439,1032106672 883894029,1032106927 883893664,1032108326 883892471,1032110574 883891026,1032112786 883889562,1032114661 883888073,1032116491 883886539,1032117227 883885657,1032118071 883884101,1032118556 883883356,1032119202 883882717,1032119875 883882375,1032120593 883882196,1032121388 883882142,1032122600 883882213,1032123194 883882191,1032123766 883882042,1032124178 883881818,1032124549 883881538,1032126043 883880259,1032127461 883878918,1032132330 883873692,1032135501 883870566,1032137419 883868404,1032138191 883867684,1032138723 883867343,1032139265 883867214,1032140483 883867346,1032141399 883867616,1032142775 883868268,1032144136 883869167,1032145236 883870068,1032146599 883871453,1032152500 883878352,1032153858 883879732,1032154660 883880285,1032156020 883880770,1032157429 883881058,1032158737 883881180,1032159401 883881066,1032160028 883880770,1032160705 883880217,1032161430 883879223,1032161959 883878073,1032162357 883877000,1032162728 883875370,1032162730 883874577,1032162556 883873814,1032161785 883871891,1032160897 883869993,1032159063 883866425,1032158712 883865471,1032158344 883863976,1032157906 883862512,1032155996 883858919,1032155468 883857536,1032155299 883856839,1032155231 883856136,1032155367 883854953,1032155675 883853748,1032156056 883852286,1032156169 883851385,1032156349 883845859,1032156338 883841849,1032156595 883840645,1032157797 883838067,1032158035 883837171,1032158359 883832503,1032158971 883829351,1032159282 883827758,1032159257 883826661,1032159022 883825564,1032158757 883824726,1032158448 883824181,1032158297 883824010,1032157141 883822902,1032154084 883819233,1032153599 883816035,1032154227 883813297,1032155545 883810633,1032156617 883809622,1032162288 883807791,1032167098 883805664,1032168804 883804783,1032170114 883803898,1032171885 883801429,1032173091 883798578,1032173265 883798163,1032174197 883795869,1032174603 883795508,1032176846 883794322,1032177368 883793875,1032177652 883793282,1032177739 883792230,1032177807 883785050,1032177730 883782073,1032177537 883779096,1032177267 883776847,1032176671 883773497,1032175984 883770158,1032175509 883768208,1032174868 883766294,1032174447 883765361,1032173597 883764090,1032173067 883763546,1032172462 883763088,1032168021 883760587,1032166600 883759673,1032165838 883758988,1032164963 883757722,1032164283 883756304,1032163307 883753568,1032162638 883750769,1032162327 883748541,1032162288 883746301,1032162544 883744854,1032163163 883743447,1032163763 883742615,1032164134 883742300,1032164576 883742061,1032165847 883741717,1032167139 883741606,1032172052 883741577,1032172942 883741493,1032173490 883741314,1032174990 883740393,1032175878 883739985,1032176270 883739731,1032176505 883739366,1032176899 883737387,1032177174 883735415,1032179323 883734602,1032183200 883733233,1032186293 883731734,1032187191 883727423,1032188095 883723107,1032187660 883718427,1032188593 883715168,1032188122 883711833,1032187556 883708488,1032187607 883704827,1032187231 883701209,1032185234 883698269,1032182925 883695633,1032177438 883686387,1032176884 883687370,1032174349 883684872,1032172059 883683172,1032169935 883681350,1032169582 883680927,1032168909 883678598,1032167167 883675491,1032166029 883671364,1032165598 883668914,1032165822 883667199,1032167022 883665238,1032168638 883663154,1032173999 883659235,1032179292 883655908,1032180381 883652623,1032180170 883651218,1032179604 883649304,1032178017 883647263,1032177186 883646882,1032176615 883646282,1032176558 883645827,1032176662 883645417,1032176670 883644907,1032176365 883643922,1032175989 883642948,1032174651 883640202,1032173628 883638492,1032173129 883636887,1032172513 883636227,1032171727 883635765,1032170719 883635354,1032169682 883635090,1032167468 883634805,1032160773 883634310,1032160259 883634196,1032159544 883633835,1032158878 883633326,1032157883 883632334,1032157140 883631194,1032155615 883620613,1032156572 883609189,1032160756 883581588,1032160376 883580846,1032159835 883579913,1032159228 883579020,1032157222 883576631,1032156686 883575835,1032155744 883574124,1032154750 883572126,1032154213 883570935,1032153628 883570447,1032151784 883569670,1032150631 883569366,1032148634 883569313,1032145791 883568829,1032144287 883568663,1032142772 883568572,1032138120 883568494,1032137295 883568416,1032136489 883568167,1032135456 883567539,1032134967 883567096,1032133660 883565923,1032132851 883565026,1032131733 883563331,1032130213 883561477,1032126842 883556065,1032126484 883555717,1032126065 883555314,1032125158 883554711,1032123833 883554241,1032122499 883553826,1032121370 883553300,1032120322 883552616,1032118948 883551064,1032117091 883549443,1032116408 883548511,1032115836 883547482,1032115349 883546487,1032115014 883545462,1032114966 883544851,1032114975 883544568,1032115228 883543692,1032116975 883540348,1032117392 883538936,1032117489 883537864,1032117260 883534639,1032117067 883532845,1032116517 883529672,1032116303 883529001,1032115974 883528355,1032115236 883527518,1032114374 883526834,1032113517 883526246,1032112690 883525627,1032107295 883520744,1032106191 883520020,1032105073 883519620,1032103905 883519472,1032102678 883519427,1032101456 883519527,1032099181 883520213,1032098105 883520324,1032097018 883520262,1032095941 883519983,1032094948 883519421,1032094564 883519013,1032094134 883518307,1032093624 883517687,1032092333 883516731,1032089882 883515133,1032088738 883514490,1032086004 883513494,1032084714 883512832),(1032084714 883512832,1032083474 883512063,1032082127 883511052,1032080910 883509843,1032080374 883509077,1032080066 883508628,1032079482 883507265,1032079181 883506017,1032079111 883504769,1032079237 883503575,1032079529 883502381,1032079907 883501212,1032080166 883500675,1032080532 883500208,1032083558 883497284,1032084048 883496575,1032084296 883495775,1032084223 883494976,1032083828 883494220,1032083100 883493383,1032082323 883492643,1032081097 883491581,1032079826 883490574,1032078888 883489946,1032077860 883489475,1032076803 883489231,1032075737 883489144,1032073675 883489162,1032072573 883489096,1032071486 883488882,1032069909 883488085,1032066560 883486869,1032065431 883486327,1032064468 883485663,1032063494 883484712,1032060516 883481801,1032059982 883481509,1032058164 883481087,1032056325 883480163,1032054451 883479306,1032052100 883478739,1032050746 883478279,1032049406 883477768,1032046666 883476540,1032041991 883474596,1032040812 883473994,1032040626 883474060,1032040551 883474228,1032041161 883475742,1032041121 883475944,1032040841 883476208,1032040534 883476250,1032039515 883475455,1032038037 883474156,1032036560 883473419,1032033969 883470410,1032032514 883470092,1032031399 883470289,1032030558 883470191,1032028896 883469570,1032026664 883469670,1032024797 883470759,1032024066 883471707,1032023516 883472543,1032022442 883473089,1032015344 883477883,1032013312 883479084,1032011113 883480109,1032009441 883480747,1032007753 883481123,1032006626 883481157,1032005077 883480916,1032000858 883479718,1031998264 883478722,1031997014 883478070,1031995844 883477301,1031993680 883475494,1031992201 883473983,1031985394 883468078,1031985187 883467917,1031984879 883467438,1031982906 883465727,1031982482 883465465,1031982058 883465103,1031981760 883464614,1031981139 883463949,1031980850 883463444,1031980633 883463233,1031979020 883462354,1031978026 883461483,1031977137 883460405,1031976569 883459229,1031975990 883457664,1031975664 883456512,1031975079 883454745,1031974893 883453487,1031975040 883451176,1031975287 883449987,1031975625 883448863,1031976336 883448092,1031978105 883446513,1031979697 883445905,1031980274 883445579,1031980806 883445339,1031981856 883444981,1031982283 883444899,1031983225 883444021,1031983644 883443114,1031984015 883442663,1031984349 883442060,1031985126 883441258,1031985436 883440812,1031986454 883440161,1031988482 883439076,1031989073 883438543,1031989534 883438157,1031989960 883437766,1031990430 883437051,1031990739 883436221,1031990782 883435660,1031990704 883434861,1031990454 883434074,1031990190 883433483,1031989583 883431230,1031989295 883430792,1031988695 883430369,1031987774 883430140,1031986932 883429724,1031986478 883429331,1031985160 883427779,1031984262 883427120,1031983430 883426648,1031982866 883426377,1031982010 883426097,1031981471 883425867,1031980922 883425555,1031980458 883425117,1031980067 883424264,1031978724 883422758,1031977013 883419974,1031976657 883416249,1031977501 883413278,1031979142 883409839,1031980403 883405491,1031980503 883405303,1031812565 883480315,1031818876 883494710,1031763050 883519195,1031756937 883505264,1031651936 883552357,1031822938 884028348,1031825867 884226252)))


